	Cytotoxic T cell	Naive T cell	CD14+ monocyte	B cell	Natural killer cell	CD16+ monocyte	Dendritic cell	sample_id	tech
BIO_ddseq_1.FIXEDCELLS	0.251695947	0.426508958	0.171682032	0.065228735	0.07340407		0.011480257	BIO_ddseq_1.FIXEDCELLS	ddseq
BIO_ddseq_2.FIXEDCELLS	0.182082727	0.48825608	0.150488464	0.0802328	0.088131366		0.010808564	BIO_ddseq_2.FIXEDCELLS	ddseq
BIO_ddseq_3.FIXEDCELLS	0.109499637	0.413705584	0.274474257	0.093908629	0.04822335	0.045322698	0.014865845	BIO_ddseq_3.FIXEDCELLS	ddseq
BIO_ddseq_4.FIXEDCELLS	0.104718067	0.402761795	0.280782509	0.096662831	0.060606061	0.039509014	0.014959724	BIO_ddseq_4.FIXEDCELLS	ddseq
BRO_mtscatacfacs_1.FIXEDCELLS	0.118742724	0.314027939	0.322467986	0.064610012	0.103608847	0.057334109	0.019208382	BRO_mtscatacfacs_1.FIXEDCELLS	mtscatacfacs
BRO_mtscatacfacs_2.FIXEDCELLS	0.138643965	0.337792642	0.305564001	0.054727881	0.100334448	0.051687443	0.01124962	BRO_mtscatacfacs_2.FIXEDCELLS	mtscatacfacs
CNA_10xmultiome_1.FIXEDCELLS	0.192950471	0.303251291	0.260103312	0.121543604	0.099665755		0.022485567	CNA_10xmultiome_1.FIXEDCELLS	10xmultiome
CNA_10xmultiome_2.FIXEDCELLS	0.157983762	0.349458728	0.277401894	0.099797023	0.088294993		0.027063599	CNA_10xmultiome_2.FIXEDCELLS	10xmultiome
CNA_10xv11_1.FIXEDCELLS	0.107888631	0.326372776	0.266821346	0.137664346	0.118716164	0.042536736		CNA_10xv11_1.FIXEDCELLS	10xv11
CNA_10xv11_2.FIXEDCELLS	0.131091802	0.324896109	0.31091802	0.11446921	0.109180204		0.009444654	CNA_10xv11_2.FIXEDCELLS	10xv11
CNA_10xv11_3.FIXEDCELLS	0.126017205	0.297372704	0.294117647	0.108114392	0.158335271		0.016042781	CNA_10xv11_3.FIXEDCELLS	10xv11
CNA_10xv11c_1.FIXEDCELLS	0.111111111	0.359477124	0.232679739	0.100653595	0.160784314	0.035294118		CNA_10xv11c_1.FIXEDCELLS	10xv11c
CNA_10xv11c_2.FIXEDCELLS	0.142455483	0.312089972	0.276476101	0.128397376	0.125585754		0.014995314	CNA_10xv11c_2.FIXEDCELLS	10xv11c
CNA_10xv2_1.FIXEDCELLS	0.179830203	0.313609467	0.190120916	0.132492925	0.10367893	0.047337278	0.03293028	CNA_10xv2_1.FIXEDCELLS	10xv2
CNA_10xv2_2.FIXEDCELLS	0.174468851	0.319409435	0.213539791	0.120813828	0.105149442	0.041231545	0.025387108	CNA_10xv2_2.FIXEDCELLS	10xv2
CNA_hydrop_1.FIXEDCELLS	0.696095076	0.026598755	0.277306169					CNA_hydrop_1.FIXEDCELLS	hydrop
CNA_hydrop_2.FIXEDCELLS	0.2700661	0.221435316	0.354579792	0.153918791				CNA_hydrop_2.FIXEDCELLS	hydrop
CNA_hydrop_3.FIXEDCELLS	0.370318021	0.346289753	0.219081272	0.064310954				CNA_hydrop_3.FIXEDCELLS	hydrop
CNA_mtscatac_1.FIXEDCELLS	0.361056366	0.404020497	0.117461569	0.117461569				CNA_mtscatac_1.FIXEDCELLS	mtscatac
CNA_mtscatac_2.FIXEDCELLS	0.275675676	0.346846847	0.147747748	0.115315315	0.076576577		0.037837838	CNA_mtscatac_2.FIXEDCELLS	mtscatac
EPF_hydrop_1.FIXEDCELLS	0.236699586	0.269194011	0.39789742	0.096208984				EPF_hydrop_1.FIXEDCELLS	hydrop
EPF_hydrop_2.FIXEDCELLS	0.198871182	0.327689243	0.322709163	0.066069057	0.084661355			EPF_hydrop_2.FIXEDCELLS	hydrop
EPF_hydrop_3.FIXEDCELLS	0.151005484	0.359780622	0.355393053	0.084095064		0.021572212	0.028153565	EPF_hydrop_3.FIXEDCELLS	hydrop
EPF_hydrop_4.FIXEDCELLS	0.218000738	0.326078938	0.371818517	0.084101807				EPF_hydrop_4.FIXEDCELLS	hydrop
HAR_ddseq_1.FIXEDCELLS	0.143923965	0.425209323	0.139398054	0.13351437	0.111337407	0.032133967	0.014482915	HAR_ddseq_1.FIXEDCELLS	ddseq
HAR_ddseq_2.FIXEDCELLS	0.15412492	0.417181838	0.186314219	0.130888936	0.098912812	0.012577276		HAR_ddseq_2.FIXEDCELLS	ddseq
MDC_mtscatac_1.FIXEDCELLS	0.19483536	0.389534089	0.23855718	0.099603771	0.042218882	0.013116546	0.022134171	MDC_mtscatac_1.FIXEDCELLS	mtscatac
MDC_mtscatac_2.FIXEDCELLS	0.172671271	0.410490946	0.240806422	0.090722419	0.06010827		0.025200672	MDC_mtscatac_2.FIXEDCELLS	mtscatac
OHS_s3atac_1.FIXEDCELLS	0.124516129	0.432258065	0.233870968	0.143548387	0.065806452			OHS_s3atac_1.FIXEDCELLS	s3atac
OHS_s3atac_2.FIXEDCELLS	0.49372862	0.200684151	0.116305587	0.189281642				OHS_s3atac_2.FIXEDCELLS	s3atac
SAN_10xmultiome_1.FIXEDCELLS	0.128440367	0.293261626	0.324580829	0.111989877	0.10313192	0.038595381		SAN_10xmultiome_1.FIXEDCELLS	10xmultiome
SAN_10xmultiome_2.FIXEDCELLS	0.147330595	0.290297741	0.312371663	0.127310062	0.107289528	0.015400411		SAN_10xmultiome_2.FIXEDCELLS	10xmultiome
STA_10xv11_1.FIXEDCELLS	0.108474576	0.282485876	0.384180791	0.054237288	0.098305085	0.072316384		STA_10xv11_1.FIXEDCELLS	10xv11
STA_10xv11_2.FIXEDCELLS		0.238628873	0.49373764	0.097560976	0.115359262	0.05471325		STA_10xv11_2.FIXEDCELLS	10xv11
TXG_10xv11_1.FIXEDCELLS	0.156306259	0.447950863	0.22482262	0.050725405	0.069469448	0.035687811	0.015037594	TXG_10xv11_1.FIXEDCELLS	10xv11
TXG_10xv2_1.FIXEDCELLS	0.125908756	0.450532083	0.258244653	0.052576125	0.069644927	0.027499737	0.01559372	TXG_10xv2_1.FIXEDCELLS	10xv2
TXG_10xv2_2.FIXEDCELLS	0.128950428	0.486946412	0.224500581	0.054539689	0.061198605	0.036676884	0.007187401	TXG_10xv2_2.FIXEDCELLS	10xv2
UCS_ddseq_1.FIXEDCELLS	0.262881587	0.379156135	0.230799144	0.076414544	0.05074859			UCS_ddseq_1.FIXEDCELLS	ddseq
UCS_ddseq_2.FIXEDCELLS	0.27619475	0.365492484	0.218308279	0.09535562	0.044648867			UCS_ddseq_2.FIXEDCELLS	ddseq
VIB_10xmultiome_1.FIXEDCELLS	0.156354515	0.346153846	0.285953177	0.135451505	0.076086957			VIB_10xmultiome_1.FIXEDCELLS	10xmultiome
VIB_10xmultiome_2.FIXEDCELLS	0.2125	0.333854167	0.294791667	0.1109375	0.036979167		0.0109375	VIB_10xmultiome_2.FIXEDCELLS	10xmultiome
VIB_10xv1_1.FIXEDCELLS	0.137819359	0.324937028	0.273839511	0.104354084	0.095717884	0.052896725	0.010435408	VIB_10xv1_1.FIXEDCELLS	10xv1
VIB_10xv1_2.FIXEDCELLS	0.10940654	0.321760194	0.316108195	0.09581483	0.099313686	0.044273987	0.013322568	VIB_10xv1_2.FIXEDCELLS	10xv1
VIB_10xv2_1.FIXEDCELLS	0.115831397	0.35645536	0.238300697	0.103219383	0.09459011	0.075008297	0.016594756	VIB_10xv2_1.FIXEDCELLS	10xv2
VIB_10xv2_2.FIXEDCELLS	0.102950609	0.373636947	0.232841565	0.10487492	0.105195638	0.062860808	0.017639513	VIB_10xv2_2.FIXEDCELLS	10xv2
VIB_hydrop_1.FIXEDCELLS	0.263704319	0.227574751	0.339700997	0.099667774		0.069352159		VIB_hydrop_1.FIXEDCELLS	hydrop
VIB_hydrop_2.FIXEDCELLS	0.322143099	0.152255002	0.409969481	0.115632418				VIB_hydrop_2.FIXEDCELLS	hydrop